VERTEX_SE2 0 -5.0 -8.0 0.0
VERTEX_SE2 1 -4.55 -8.0 0.0
VERTEX_SE2 2 -4.1 -8.0 0.0
VERTEX_SE2 3 -3.6499999999999995 -8.0 0.0
VERTEX_SE2 4 -3.1999999999999993 -8.0 0.0
VERTEX_SE2 5 -2.749999999999999 -8.0 0.0
VERTEX_SE2 6 -2.299999999999999 -8.0 0.0
VERTEX_SE2 7 -1.849999999999999 -8.0 0.0
VERTEX_SE2 8 -1.399999999999999 -8.0 0.0
VERTEX_SE2 9 -0.9499999999999991 -8.0 0.0
VERTEX_SE2 10 -0.49999999999999906 -8.0 0.0
VERTEX_SE2 11 -0.049999999999999045 -8.0 0.0
VERTEX_SE2 12 0.40000000000000097 -8.0 0.0
VERTEX_SE2 13 0.850000000000001 -8.0 0.0
VERTEX_SE2 14 1.300000000000001 -8.0 0.0
VERTEX_SE2 15 1.7500000000000009 -8.0 0.0
VERTEX_SE2 16 2.200000000000001 -8.0 0.0
VERTEX_SE2 17 2.6500000000000012 -8.0 0.0
VERTEX_SE2 18 3.1000000000000014 -8.0 0.0
VERTEX_SE2 19 3.5500000000000016 -8.0 0.0
VERTEX_SE2 20 3.5500000000000016 -8.0 0.0
VERTEX_SE2 21 3.9614864757018364 -7.965903258506806 0.08267349088394141
VERTEX_SE2 22 4.361748673011711 -7.864543104251586 0.24802047265182695
VERTEX_SE2 23 4.739868482592685 -7.698684378016223 0.41336745441970896
VERTEX_SE2 24 5.085531781724171 -7.472851273490984 0.5787144361875937
VERTEX_SE2 25 5.389309776682831 -7.193203929064353 0.7440614179554765
VERTEX_SE2 26 5.642916195656323 -6.867370395306067 0.9094083997233626
VERTEX_SE2 27 5.8394333166376455 -6.504238561632423 1.0747553814912443
VERTEX_SE2 28 5.973500664848327 -6.113713717851998 1.2401023632591304
VERTEX_SE2 29 6.041461232516676 -5.706448363680831 1.4054493450270116
VERTEX_SE2 30 6.041461232516676 -5.293551636319169 4.71238898038469
VERTEX_SE2 31 5.973500664848327 -4.886286282148002 4.877735962152575
VERTEX_SE2 32 5.8394333166376455 -4.495761438367577 5.043082943920456
VERTEX_SE2 33 5.642916195656323 -4.132629604693934 5.208429925688343
VERTEX_SE2 34 5.389309776682831 -3.8067960709356474 5.373776907456223
VERTEX_SE2 35 5.085531781724171 -3.527148726509016 5.5391238892241095
VERTEX_SE2 36 4.739868482592685 -3.3013156219837776 5.704470870991994
VERTEX_SE2 37 4.361748673011711 -3.1354568957484132 5.869817852759875
VERTEX_SE2 38 3.9614864757018364 -3.0340967414931943 6.0351648345277615
VERTEX_SE2 39 3.5500000000000016 -3.0 6.200511816295644
VERTEX_SE2 40 3.5500000000000016 -3.0 3.141592653589793
VERTEX_SE2 41 3.0500000000000016 -3.0 6.283185307179586
VERTEX_SE2 42 2.5500000000000016 -3.0 6.283185307179586
VERTEX_SE2 43 2.0500000000000016 -3.0 6.283185307179586
VERTEX_SE2 44 1.5500000000000016 -3.0 6.283185307179586
VERTEX_SE2 45 1.0500000000000016 -3.0 6.283185307179586
VERTEX_SE2 46 0.5500000000000016 -3.0 6.283185307179586
VERTEX_SE2 47 0.0500000000000016 -3.0 6.283185307179586
VERTEX_SE2 48 -0.4499999999999984 -3.0 6.283185307179586
VERTEX_SE2 49 -0.9499999999999984 -3.0 6.283185307179586
VERTEX_SE2 50 -1.4499999999999984 -3.0 6.283185307179586
VERTEX_SE2 51 -1.9499999999999984 -3.0 6.283185307179586
VERTEX_SE2 52 -2.4499999999999984 -3.0 6.283185307179586
VERTEX_SE2 53 -2.9499999999999984 -3.0 6.283185307179586
VERTEX_SE2 54 -3.4499999999999984 -3.0 6.283185307179586
VERTEX_SE2 55 -3.9499999999999984 -3.0 6.283185307179586
VERTEX_SE2 56 -4.449999999999998 -3.0 6.283185307179586
VERTEX_SE2 57 -4.949999999999998 -3.0 6.283185307179586
VERTEX_SE2 58 -5.449999999999998 -3.0 6.283185307179586
VERTEX_SE2 59 -5.949999999999998 -3.0 6.283185307179586
VERTEX_SE2 60 -5.949999999999998 -2.9999999999999996 4.71238898038469
VERTEX_SE2 61 -6.377945934729906 -3.035460611152921 0.08267349088394127
VERTEX_SE2 62 -6.794218619932176 -3.1408751715783496 0.24802047265182647
VERTEX_SE2 63 -7.187463221896389 -3.313368246863128 0.413367454419709
VERTEX_SE2 64 -7.546953052993135 -3.5482346755693763 0.5787144361875938
VERTEX_SE2 65 -7.862882167750141 -3.8390679137730728 0.7440614179554763
VERTEX_SE2 66 -8.126632843482572 -4.177934788881689 0.9094083997233628
VERTEX_SE2 67 -8.331010649303147 -4.555591895902278 1.0747553814912436
VERTEX_SE2 68 -8.470440691442258 -4.961737733433922 1.240102363259127
VERTEX_SE2 69 -8.54111968181734 -5.385293701771935 1.4054493450270125
VERTEX_SE2 70 -8.54111968181734 -5.814706298228064 -1.5707963267948966
VERTEX_SE2 71 -8.470440691442258 -6.2382622665660765 -1.4054493450270127
VERTEX_SE2 72 -8.331010649303149 -6.644408104097719 -1.2401023632591304
VERTEX_SE2 73 -8.126632843482573 -7.022065211118309 -1.0747553814912445
VERTEX_SE2 74 -7.862882167750142 -7.360932086226926 -0.909408399723362
VERTEX_SE2 75 -7.5469530529931355 -7.651765324430622 -0.7440614179554759
VERTEX_SE2 76 -7.187463221896389 -7.8866317531368715 -0.5787144361875947
VERTEX_SE2 77 -6.794218619932176 -8.05912482842165 -0.4133674544197102
VERTEX_SE2 78 -6.377945934729908 -8.164539388847079 -0.24802047265182747
VERTEX_SE2 79 -5.949999999999999 -8.2 -0.08267349088393931
VERTEX_SE2 80 -5.949999999999999 -8.2 0.0
VERTEX_SE2 81 -5.3999999999999995 -8.2 0.0
VERTEX_SE2 82 -4.85 -8.2 0.0
VERTEX_SE2 83 -4.3 -8.2 0.0
VERTEX_SE2 84 -3.75 -8.2 0.0
VERTEX_SE2 85 -3.2 -8.2 0.0
VERTEX_SE2 86 -2.6500000000000004 -8.2 0.0
VERTEX_SE2 87 -2.1000000000000005 -8.2 0.0
VERTEX_SE2 88 -1.5500000000000005 -8.2 0.0
VERTEX_SE2 89 -1.0000000000000004 -8.2 0.0
VERTEX_SE2 90 -0.4500000000000004 -8.2 0.0
VERTEX_SE2 91 0.09999999999999964 -8.2 0.0
VERTEX_SE2 92 0.6499999999999997 -8.2 0.0
VERTEX_SE2 93 1.1999999999999997 -8.2 0.0
VERTEX_SE2 94 1.7499999999999998 -8.2 0.0
VERTEX_SE2 95 2.3 -8.2 0.0
VERTEX_SE2 96 2.8499999999999996 -8.2 0.0
VERTEX_SE2 97 3.3999999999999995 -8.2 0.0
VERTEX_SE2 98 3.9499999999999993 -8.2 0.0
VERTEX_SE2 99 4.499999999999999 -8.2 0.0
VERTEX_SE2 100 4.499999999999999 -8.2 0.0
VERTEX_SE2 101 4.944405393757981 -8.16317551918735 0.08267349088394159
VERTEX_SE2 102 5.3766885668526445 -8.053706552591713 0.24802047265182622
VERTEX_SE2 103 5.785057961200098 -7.874579128257519 0.41336745441971046
VERTEX_SE2 104 6.158374324262102 -7.630679375370262 0.5787144361875938
VERTEX_SE2 105 6.486454558817455 -7.3286602433895 0.7440614179554766
VERTEX_SE2 106 6.760349491308826 -6.976760026930552 0.9094083997233614
VERTEX_SE2 107 6.972587981968655 -6.584577646563017 1.0747553814912438
VERTEX_SE2 108 7.117380718036191 -6.162810815280157 1.2401023632591304
VERTEX_SE2 109 7.190778131118008 -5.722964232775296 1.4054493450270122
VERTEX_SE2 110 7.190778131118008 -5.277035767224702 4.71238898038469
VERTEX_SE2 111 7.117380718036191 -4.837189184719842 4.877735962152574
VERTEX_SE2 112 6.972587981968655 -4.415422353436982 5.0430829439204565
VERTEX_SE2 113 6.760349491308826 -4.0232399730694475 5.208429925688343
VERTEX_SE2 114 6.486454558817455 -3.6713397566104984 5.373776907456223
VERTEX_SE2 115 6.158374324262103 -3.3693206246297365 5.539123889224108
VERTEX_SE2 116 5.785057961200098 -3.1254208717424787 5.704470870991993
VERTEX_SE2 117 5.3766885668526445 -2.9462934474082854 5.869817852759876
VERTEX_SE2 118 4.944405393757981 -2.836824480812649 6.035164834527761
VERTEX_SE2 119 4.499999999999999 -2.799999999999999 3.0589191627058505
EDGE_SE2 0 1 0.4500000000000002 0.0 0.0 500.0 0.0 0.0 500.0 0.0 500.0
EDGE_SE2 1 2 0.4500000000000002 0.0 0.0 500.0 0.0 0.0 500.0 0.0 500.0
EDGE_SE2 2 3 0.4500000000000002 0.0 0.0 500.0 0.0 0.0 500.0 0.0 500.0
EDGE_SE2 3 4 0.4500000000000002 0.0 0.0 500.0 0.0 0.0 500.0 0.0 500.0
EDGE_SE2 4 5 0.4500000000000002 0.0 0.0 500.0 0.0 0.0 500.0 0.0 500.0
EDGE_SE2 5 6 0.4500000000000002 0.0 0.0 500.0 0.0 0.0 500.0 0.0 500.0
EDGE_SE2 6 7 0.44999999999999996 0.0 0.0 500.0 0.0 0.0 500.0 0.0 500.0
EDGE_SE2 7 8 0.44999999999999996 0.0 0.0 500.0 0.0 0.0 500.0 0.0 500.0
EDGE_SE2 8 9 0.44999999999999996 0.0 0.0 500.0 0.0 0.0 500.0 0.0 500.0
EDGE_SE2 9 10 0.45 0.0 0.0 500.0 0.0 0.0 500.0 0.0 500.0
EDGE_SE2 10 11 0.45 0.0 0.0 500.0 0.0 0.0 500.0 0.0 500.0
EDGE_SE2 11 12 0.45 0.0 0.0 500.0 0.0 0.0 500.0 0.0 500.0
EDGE_SE2 12 13 0.45 0.0 0.0 500.0 0.0 0.0 500.0 0.0 500.0
EDGE_SE2 13 14 0.44999999999999996 0.0 0.0 500.0 0.0 0.0 500.0 0.0 500.0
EDGE_SE2 14 15 0.44999999999999996 0.0 0.0 500.0 0.0 0.0 500.0 0.0 500.0
EDGE_SE2 15 16 0.4500000000000002 0.0 0.0 500.0 0.0 0.0 500.0 0.0 500.0
EDGE_SE2 16 17 0.4500000000000002 0.0 0.0 500.0 0.0 0.0 500.0 0.0 500.0
EDGE_SE2 17 18 0.4500000000000002 0.0 0.0 500.0 0.0 0.0 500.0 0.0 500.0
EDGE_SE2 18 19 0.4500000000000002 0.0 0.0 500.0 0.0 0.0 500.0 0.0 500.0
EDGE_SE2 19 20 0.0 0.0 0.0 500.0 0.0 0.0 500.0 0.0 500.0
EDGE_SE2 20 21 0.41148647570183483 0.03409674149319386 0.08267349088394142 500.0 0.0 0.0 500.0 0.0 500.0
EDGE_SE2 21 22 0.40726535417116816 0.06796056766835079 0.1653469817678855 500.0 0.0 0.0 500.0 0.0 500.0
EDGE_SE2 22 23 0.40726535417116594 0.06796056766834724 0.16534698176788196 500.0 0.0 0.0 500.0 0.0 500.0
EDGE_SE2 23 24 0.4072653541711675 0.06796056766834901 0.16534698176788473 500.0 0.0 0.0 500.0 0.0 500.0
EDGE_SE2 24 25 0.407265354171167 0.06796056766834724 0.16534698176788282 500.0 0.0 0.0 500.0 0.0 500.0
EDGE_SE2 25 26 0.4072653541711654 0.06796056766834724 0.16534698176788612 500.0 0.0 0.0 500.0 0.0 500.0
EDGE_SE2 26 27 0.4072653541711675 0.06796056766834724 0.16534698176788168 500.0 0.0 0.0 500.0 0.0 500.0
EDGE_SE2 27 28 0.4072653541711655 0.06796056766835079 0.16534698176788604 500.0 0.0 0.0 500.0 0.0 500.0
EDGE_SE2 28 29 0.4072653541711668 0.06796056766834813 0.16534698176788123 500.0 0.0 0.0 500.0 0.0 500.0
EDGE_SE2 29 30 0.4072653541711677 0.06796056766834901 -2.9762456718219084 500.0 0.0 0.0 500.0 0.0 500.0
EDGE_SE2 30 31 -0.4072653541711668 -0.06796056766834901 0.1653469817678852 500.0 0.0 0.0 500.0 0.0 500.0
EDGE_SE2 31 32 -0.4072653541711668 -0.06796056766834635 0.16534698176788076 500.0 0.0 0.0 500.0 0.0 500.0
EDGE_SE2 32 33 -0.4072653541711677 -0.0679605676683499 0.16534698176788704 500.0 0.0 0.0 500.0 0.0 500.0
EDGE_SE2 33 34 -0.4072653541711668 -0.06796056766834724 0.1653469817678807 500.0 0.0 0.0 500.0 0.0 500.0
EDGE_SE2 34 35 -0.4072653541711668 -0.06796056766834901 0.16534698176788598 500.0 0.0 0.0 500.0 0.0 500.0
EDGE_SE2 35 36 -0.4072653541711677 -0.06796056766834879 0.16534698176788432 500.0 0.0 0.0 500.0 0.0 500.0
EDGE_SE2 36 37 -0.4072653541711677 -0.06796056766834738 0.16534698176788176 500.0 0.0 0.0 500.0 0.0 500.0
EDGE_SE2 37 38 -0.4072653541711668 -0.06796056766834968 0.16534698176788606 500.0 0.0 0.0 500.0 0.0 500.0
EDGE_SE2 38 39 -0.4072653541711677 -0.0679605676683479 0.1653469817678825 500.0 0.0 0.0 500.0 0.0 500.0
EDGE_SE2 39 40 4.440892098500626e-16 0.0 -3.058919162705851 500.0 0.0 0.0 500.0 0.0 500.0
EDGE_SE2 40 41 0.5 0.0 3.141592653589793 500.0 0.0 0.0 500.0 0.0 500.0
EDGE_SE2 41 42 -0.5 -4.440892098500626e-16 0.0 500.0 0.0 0.0 500.0 0.0 500.0
EDGE_SE2 42 43 -0.5 0.0 0.0 500.0 0.0 0.0 500.0 0.0 500.0
EDGE_SE2 43 44 -0.5000000000000002 0.0 0.0 500.0 0.0 0.0 500.0 0.0 500.0
EDGE_SE2 44 45 -0.5 0.0 0.0 500.0 0.0 0.0 500.0 0.0 500.0
EDGE_SE2 45 46 -0.4999999999999999 -4.440892098500626e-16 0.0 500.0 0.0 0.0 500.0 0.0 500.0
EDGE_SE2 46 47 -0.5 0.0 0.0 500.0 0.0 0.0 500.0 0.0 500.0
EDGE_SE2 47 48 -0.5 0.0 0.0 500.0 0.0 0.0 500.0 0.0 500.0
EDGE_SE2 48 49 -0.49999999999999994 -4.440892098500626e-16 0.0 500.0 0.0 0.0 500.0 0.0 500.0
EDGE_SE2 49 50 -0.5000000000000001 0.0 0.0 500.0 0.0 0.0 500.0 0.0 500.0
EDGE_SE2 50 51 -0.5 0.0 0.0 500.0 0.0 0.0 500.0 0.0 500.0
EDGE_SE2 51 52 -0.4999999999999998 0.0 0.0 500.0 0.0 0.0 500.0 0.0 500.0
EDGE_SE2 52 53 -0.5 -4.440892098500626e-16 0.0 500.0 0.0 0.0 500.0 0.0 500.0
EDGE_SE2 53 54 -0.5 0.0 0.0 500.0 0.0 0.0 500.0 0.0 500.0
EDGE_SE2 54 55 -0.5 0.0 0.0 500.0 0.0 0.0 500.0 0.0 500.0
EDGE_SE2 55 56 -0.5 0.0 0.0 500.0 0.0 0.0 500.0 0.0 500.0
EDGE_SE2 56 57 -0.5 -4.440892098500626e-16 0.0 500.0 0.0 0.0 500.0 0.0 500.0
EDGE_SE2 57 58 -0.5 0.0 0.0 500.0 0.0 0.0 500.0 0.0 500.0
EDGE_SE2 58 59 -0.5 0.0 0.0 500.0 0.0 0.0 500.0 0.0 500.0
EDGE_SE2 59 60 0.0 4.440892098500626e-16 -1.5707963267948966 500.0 0.0 0.0 500.0 0.0 500.0
EDGE_SE2 60 61 0.035460611152922095 -0.42794593472990794 1.653469817678838 500.0 0.0 0.0 500.0 0.0 500.0
EDGE_SE2 61 62 -0.4235559683380137 -0.07067899037508285 0.16534698176788518 500.0 0.0 0.0 500.0 0.0 500.0
EDGE_SE2 62 63 -0.4235559683380137 -0.07067899037508174 0.1653469817678825 500.0 0.0 0.0 500.0 0.0 500.0
EDGE_SE2 63 64 -0.42355596833801457 -0.07067899037508302 0.16534698176788476 500.0 0.0 0.0 500.0 0.0 500.0
EDGE_SE2 64 65 -0.42355596833801457 -0.07067899037508196 0.16534698176788246 500.0 0.0 0.0 500.0 0.0 500.0
EDGE_SE2 65 66 -0.4235559683380128 -0.07067899037508374 0.16534698176788654 500.0 0.0 0.0 500.0 0.0 500.0
EDGE_SE2 66 67 -0.42355596833801457 -0.07067899037508063 0.1653469817678807 500.0 0.0 0.0 500.0 0.0 500.0
EDGE_SE2 67 68 -0.42355596833801634 -0.0706789903750824 0.16534698176788348 500.0 0.0 0.0 500.0 0.0 500.0
EDGE_SE2 68 69 -0.4235559683380128 -0.0706789903750824 0.16534698176788537 500.0 0.0 0.0 500.0 0.0 500.0
EDGE_SE2 69 70 -0.42355596833801457 -0.0706789903750824 -2.976245671821909 500.0 0.0 0.0 500.0 0.0 500.0
EDGE_SE2 70 71 0.4235559683380128 0.0706789903750824 0.1653469817678839 500.0 0.0 0.0 500.0 0.0 500.0
EDGE_SE2 71 72 0.4235559683380128 0.0706789903750824 0.16534698176788232 500.0 0.0 0.0 500.0 0.0 500.0
EDGE_SE2 72 73 0.42355596833801457 0.0706789903750824 0.16534698176788584 500.0 0.0 0.0 500.0 0.0 500.0
EDGE_SE2 73 74 0.423555968338015 0.0706789903750824 0.16534698176788265 500.0 0.0 0.0 500.0 0.0 500.0
EDGE_SE2 74 75 0.42355596833801423 0.07067899037508596 0.16534698176788598 500.0 0.0 0.0 500.0 0.0 500.0
EDGE_SE2 75 76 0.42355596833801507 0.0706789903750824 0.16534698176788118 500.0 0.0 0.0 500.0 0.0 500.0
EDGE_SE2 76 77 0.4235559683380141 0.0706789903750824 0.16534698176788443 500.0 0.0 0.0 500.0 0.0 500.0
EDGE_SE2 77 78 0.4235559683380128 0.07067899037508063 0.16534698176788276 500.0 0.0 0.0 500.0 0.0 500.0
EDGE_SE2 78 79 0.42355596833801457 0.07067899037508418 0.1653469817678882 500.0 0.0 0.0 500.0 0.0 500.0
EDGE_SE2 79 80 0.0 0.0 0.08267349088393931 500.0 0.0 0.0 500.0 0.0 500.0
EDGE_SE2 80 81 0.5499999999999998 0.0 0.0 500.0 0.0 0.0 500.0 0.0 500.0
EDGE_SE2 81 82 0.5499999999999998 0.0 0.0 500.0 0.0 0.0 500.0 0.0 500.0
EDGE_SE2 82 83 0.5499999999999998 0.0 0.0 500.0 0.0 0.0 500.0 0.0 500.0
EDGE_SE2 83 84 0.5499999999999998 0.0 0.0 500.0 0.0 0.0 500.0 0.0 500.0
EDGE_SE2 84 85 0.5499999999999998 0.0 0.0 500.0 0.0 0.0 500.0 0.0 500.0
EDGE_SE2 85 86 0.5499999999999998 0.0 0.0 500.0 0.0 0.0 500.0 0.0 500.0
EDGE_SE2 86 87 0.5499999999999998 0.0 0.0 500.0 0.0 0.0 500.0 0.0 500.0
EDGE_SE2 87 88 0.55 0.0 0.0 500.0 0.0 0.0 500.0 0.0 500.0
EDGE_SE2 88 89 0.55 0.0 0.0 500.0 0.0 0.0 500.0 0.0 500.0
EDGE_SE2 89 90 0.55 0.0 0.0 500.0 0.0 0.0 500.0 0.0 500.0
EDGE_SE2 90 91 0.55 0.0 0.0 500.0 0.0 0.0 500.0 0.0 500.0
EDGE_SE2 91 92 0.55 0.0 0.0 500.0 0.0 0.0 500.0 0.0 500.0
EDGE_SE2 92 93 0.55 0.0 0.0 500.0 0.0 0.0 500.0 0.0 500.0
EDGE_SE2 93 94 0.55 0.0 0.0 500.0 0.0 0.0 500.0 0.0 500.0
EDGE_SE2 94 95 0.55 0.0 0.0 500.0 0.0 0.0 500.0 0.0 500.0
EDGE_SE2 95 96 0.5499999999999998 0.0 0.0 500.0 0.0 0.0 500.0 0.0 500.0
EDGE_SE2 96 97 0.5499999999999998 0.0 0.0 500.0 0.0 0.0 500.0 0.0 500.0
EDGE_SE2 97 98 0.5499999999999998 0.0 0.0 500.0 0.0 0.0 500.0 0.0 500.0
EDGE_SE2 98 99 0.5499999999999998 0.0 0.0 500.0 0.0 0.0 500.0 0.0 500.0
EDGE_SE2 99 100 0.0 0.0 0.0 500.0 0.0 0.0 500.0 0.0 500.0
EDGE_SE2 100 101 0.4444053937579815 0.03682448081264944 0.08267349088394159 500.0 0.0 0.0 500.0 0.0 500.0
EDGE_SE2 101 102 0.4398465825048614 0.07339741308181758 0.16534698176788462 500.0 0.0 0.0 500.0 0.0 500.0
EDGE_SE2 102 103 0.4398465825048614 0.07339741308181758 0.1653469817678842 500.0 0.0 0.0 500.0 0.0 500.0
EDGE_SE2 103 104 0.4398465825048601 0.07339741308181758 0.16534698176788337 500.0 0.0 0.0 500.0 0.0 500.0
EDGE_SE2 104 105 0.4398465825048621 0.0733974130818158 0.16534698176788282 500.0 0.0 0.0 500.0 0.0 500.0
EDGE_SE2 105 106 0.4398465825048602 0.0733974130818158 0.16534698176788473 500.0 0.0 0.0 500.0 0.0 500.0
EDGE_SE2 106 107 0.439846582504861 0.0733974130818158 0.16534698176788254 500.0 0.0 0.0 500.0 0.0 500.0
EDGE_SE2 107 108 0.4398465825048601 0.07339741308181758 0.1653469817678865 500.0 0.0 0.0 500.0 0.0 500.0
EDGE_SE2 108 109 0.43984658250486053 0.0733974130818158 0.1653469817678819 500.0 0.0 0.0 500.0 0.0 500.0
EDGE_SE2 109 110 0.43984658250486053 0.0733974130818158 -2.9762456718219092 500.0 0.0 0.0 500.0 0.0 500.0
EDGE_SE2 110 111 -0.43984658250486053 -0.07339741308181669 0.16534698176788432 500.0 0.0 0.0 500.0 0.0 500.0
EDGE_SE2 111 112 -0.43984658250486053 -0.0733974130818158 0.16534698176788254 500.0 0.0 0.0 500.0 0.0 500.0
EDGE_SE2 112 113 -0.43984658250486053 -0.07339741308181758 0.1653469817678861 500.0 0.0 0.0 500.0 0.0 500.0
EDGE_SE2 113 114 -0.4398465825048614 -0.07339741308181491 0.1653469817678807 500.0 0.0 0.0 500.0 0.0 500.0
EDGE_SE2 114 115 -0.43984658250486053 -0.07339741308181624 0.16534698176788437 500.0 0.0 0.0 500.0 0.0 500.0
EDGE_SE2 115 116 -0.43984658250485964 -0.07339741308181691 0.16534698176788512 500.0 0.0 0.0 500.0 0.0 500.0
EDGE_SE2 116 117 -0.4398465825048614 -0.07339741308181646 0.16534698176788332 500.0 0.0 0.0 500.0 0.0 500.0
EDGE_SE2 117 118 -0.43984658250485964 -0.0733974130818168 0.16534698176788426 500.0 0.0 0.0 500.0 0.0 500.0
EDGE_SE2 118 119 -0.43984658250486053 -0.07339741308181646 -2.97624567182191 500.0 0.0 0.0 500.0 0.0 500.0
FIX 0
